1.000000

0.000116

1.000000

0.000193

0.997816

0.000129

0.993961

0.000191

1.000000

3.823830

1.000000

3.285004

1.000000

1.252174

1.000000

0.000137

0.999010

0.000159

0.992820

0.000192

-8.553660

0.000116

-8.959354

0.000109

-8.564090

0.000117

-8.130430

0.000328

0.953942

1.000000

-8.554166

1.000000

0.910586

1.000000

-8.749561

1.000000

-8.557956

0.372646

0.999402

0.060132

0.990017

0.000253

0.883422

1.000000

0.819673

1.000000

0.999035

0.000105

0.992794

0.000116

