35.000000
0.002595
2.000000
-0.000179
1.000000
0.000119
2.000000
-0.000766
1.000000
0.000169
12.000000
-0.001462
54.000000
0.002555
1.000000
-0.000040
2.000000
0.000457
1.000000
-0.000249
1.000000
0.000477
2.000000
-0.000477
4.000000
0.000487
2.000000
-0.000249
1.000000
0.000597
1.000000
-0.000020
1.000000
0.000239
2.000000
-0.000616
1.000000
0.000239
5.000000
-0.000776
1.000000
0.000398
1.000000
-0.000099
7.000000
0.000746
2.000000
-0.000537
36.000000
0.002615
3.000000
-0.001114
3.000000
0.000338
1.000000
-0.000169
5.000000
0.001183
13.000000
-0.002148
3.000000
0.000507
7.000000
-0.001054
51.000000
0.003868
7.000000
-0.001352
37.000000
0.002764
7.000000
-0.001104
1.000000
0.000189
35.000000
-0.004524
65.000000
0.009098
65.000000
-0.018225
76.000000
0.039255
64.000000
-0.079653
67.000000
0.158769
62.000000
-0.232377
63.000000
0.335436
61.000000
-0.519272
56.000000
0.832574
52.000000
-1.137993
48.000000
1.331940
45.000000
-1.251342
41.000000
1.086637
40.000000
-0.946938
44.000000
0.930344
56.000000
-0.728859
50.000000
1.267639
43.000000
-1.974852
39.000000
2.467159
38.000000
-2.210869
34.000000
1.932326
33.000000
-1.416068
35.000000
1.503615
37.000000
-1.046995
57.000000
0.640596
34.000000
-1.345473
33.000000
2.510729
41.000000
-2.916909
57.000000
2.949065
41.000000
-7.084613
32.000000
11.883547
39.000000
-7.705174
50.000000
4.129902
42.000000
-4.788822
31.000000
8.403877
50.000000
-4.838119
40.000000
5.701557
40.000000
-5.446410
36.000000
5.611185
66.000000
-2.908855
32.000000
8.134720
61.000000
-3.668438
38.000000
9.469504
46.000000
-8.641812
34.000000
9.925230
56.000000
-4.264678
33.000000
0.526480
26.000000
-1.669961
35.000000
4.747270
47.000000
-5.622152
42.000000
7.196820
41.000000
-8.173627
35.000000
7.925570
48.000000
-3.376115
35.000000
4.579343
34.000000
-4.602829
44.000000
2.533180
27.000000
-3.522287
16.000000
2.650597
17.000000
-1.985462
27.000000
4.393847
42.000000
-3.407276
41.000000
5.459207
38.000000
-4.831855
27.000000
3.671093
13.000000
-0.437361
26.000000
3.616337
47.000000
-4.395448
35.000000
7.469993
52.000000
-6.353487
33.000000
11.712260
34.000000
-6.159808
17.000000
1.432006
34.000000
-2.114820
38.000000
6.105838
43.000000
-7.020919
32.000000
9.347633
33.000000
-5.474032
29.000000
3.700276
30.000000
-4.388896
50.000000
3.299674
35.000000
-4.680483
67.000000
3.124677
31.000000
-3.401330
42.000000
0.912168
6.000000
-0.080359
23.000000
1.872420
24.000000
-2.824360
18.000000
1.999392
20.000000
-1.605074
31.000000
2.096027
39.000000
-2.442570
36.000000
3.805701
38.000000
-2.754113
19.000000
1.309280
28.000000
-1.084092
28.000000
3.685888
34.000000
-4.815936
35.000000
3.899155
38.000000
-5.833470
35.000000
8.815038
40.000000
-8.786302
34.000000
8.415192
24.000000
-1.260420
4.000000
0.113817
30.000000
-2.540359
10.000000
0.588992
27.000000
-0.941599
30.000000
5.611016
39.000000
-5.494236
26.000000
4.110592
24.000000
-1.694162
29.000000
2.259500
49.000000
-2.707411
38.000000
4.016233
38.000000
-2.752045
22.000000
3.273543
28.000000
-2.976607
32.000000
1.741899
5.000000
-0.106688
28.000000
2.879096
50.000000
-4.293414
45.000000
7.392129
44.000000
-6.171640
54.000000
4.947750
40.000000
-7.653530
36.000000
5.858198
21.000000
-2.604133
24.000000
2.576661
42.000000
-3.864096
69.000000
2.443484
39.000000
-6.332020
28.000000
10.736556
28.000000
-4.345654
25.000000
1.175895
12.000000
-0.351842
15.000000
1.009768
26.000000
-2.817340
31.000000
3.063150
32.000000
-2.615200
28.000000
4.320906
36.000000
-5.533799
34.000000
7.226201
44.000000
-5.978399
33.000000
4.960040
70.000000
-2.625729
54.000000
2.626127
49.000000
-5.556688
34.000000
10.558866
36.000000
-5.847241
13.000000
1.334386
23.000000
-1.803406
34.000000
4.920487
62.000000
-3.536664
36.000000
5.695402
42.000000
-3.317501
30.000000
1.782029
21.000000
-0.531044
22.000000
0.324588
6.000000
-0.126892
19.000000
1.115691
30.000000
-1.719328
29.000000
0.903756
10.000000
-0.266392
25.000000
2.491698
35.000000
-4.971783
34.000000
9.020768
45.000000
-6.630816
34.000000
6.429302
10.000000
-0.203383
2.000000
0.007756
27.000000
-1.242603
5.000000
0.145157
31.000000
-2.600782
37.000000
3.896550
20.000000
-2.344651
24.000000
2.062241
35.000000
-4.234690
36.000000
7.201702
43.000000
-6.767840
44.000000
4.541093
31.000000
-6.784902
27.000000
5.042437
37.000000
-3.931211
35.000000
3.301244
46.000000
-1.903333
29.000000
3.699560
35.000000
-5.396327
35.000000
5.924945
45.000000
-4.586990
51.000000
3.932414
72.000000
-0.839296
25.000000
2.263537
26.000000
-2.616621
35.000000
3.948930
38.000000
-5.990410
35.000000
8.225042
39.000000
-6.257736
37.000000
5.388174
37.000000
-3.556172
34.000000
4.080037
35.000000
-3.257585
14.000000
0.566252
13.000000
-0.660372
30.000000
4.428200
47.000000
-4.783841
36.000000
11.912571
37.000000
-11.302003
32.000000
10.437869
35.000000
-4.627527
22.000000
1.209035
30.000000
-1.325378
36.000000
4.570793
35.000000
-5.026260
26.000000
3.060316
20.000000
-1.836536
38.000000
2.292938
42.000000
-3.781808
34.000000
4.053172
36.000000
-3.321657
29.000000
3.671401
39.000000
-3.670348
32.000000
3.387162
35.000000
-3.156604
50.000000
2.568030
34.000000
-3.032516
25.000000
3.758850
33.000000
-2.543809
28.000000
4.555928
42.000000
-2.361594
7.000000
0.280958
12.000000
-0.463124
42.000000
4.121370
46.000000
-4.252677
37.000000
3.880363
23.000000
-1.649230
10.000000
0.827663
32.000000
-3.919419
52.000000
4.673613
38.000000
-3.982845
51.000000
3.752923
70.000000
-4.488196
34.000000
6.517298
60.000000
-3.827605
72.000000
3.698794
45.000000
-6.558183
34.000000
13.089669
36.000000
-6.542603
36.000000
2.790613
29.000000
-4.806331
28.000000
8.172295
41.000000
-4.838010
42.000000
4.548659
34.000000
-2.636537
26.000000
1.793503
3.000000
-0.010321
32.000000
3.708697
36.000000
-4.632250
30.000000
8.766596
47.000000
-4.266985
47.000000
3.043423
34.000000
-2.552459
12.000000
0.747652
10.000000
-0.591090
23.000000
4.804522
29.000000
-5.036332
45.000000
3.298003
30.000000
-3.148630
4.000000
0.113648
16.000000
-1.085792
30.000000
2.908935
57.000000
-2.693739
32.000000
4.227452
42.000000
-4.515420
35.000000
5.695412
29.000000
-4.971375
18.000000
3.654150
28.000000
-0.544049
46.000000
1.571059
8.000000
-0.316326
12.000000
0.821230
43.000000
-3.168794
38.000000
6.446742
37.000000
-7.354744
40.000000
5.953412
36.000000
-3.707494
42.000000
2.378985
33.000000
-2.916452
23.000000
8.191544
32.000000
-4.325997
45.000000
3.704601
38.000000
-5.192586
37.000000
8.656965
37.000000
-3.900139
2.000000
0.024937
24.000000
-1.496079
32.000000
6.879421
47.000000
-3.814182
59.000000
4.875276
62.000000
-5.122061
53.000000
5.178865
40.000000
-5.656197
27.000000
5.194376
20.000000
-1.951844
32.000000
5.054100
37.000000
-5.869125
27.000000
2.766561
14.000000
-1.680511
30.000000
3.557892
52.000000
-3.476141
36.000000
5.903627
45.000000
-5.177642
45.000000
3.810990
40.000000
-5.108777
28.000000
7.021187
31.000000
-6.280585
27.000000
8.936273
36.000000
-3.563908
28.000000
1.754208
23.000000
-1.145132
30.000000
2.280430
39.000000
-2.317467
22.000000
3.551867
34.000000
-4.249257
33.000000
5.509528
66.000000
-2.313758
36.000000
3.317491
31.000000
-2.984680
31.000000
2.078150
38.000000
-4.424005
29.000000
7.878520
45.000000
-6.062168
42.000000
5.704987
41.000000
-5.038281
40.000000
4.001408
33.000000
-3.278515
25.000000
4.283411
31.000000
-4.640582
36.000000
6.285865
45.000000
-5.516786
38.000000
7.813831
45.000000
-2.407143
12.000000
1.454368
18.000000
-2.059050
39.000000
5.587004
35.000000
-7.036549
49.000000
4.212339
37.000000
-6.651090
42.000000
3.900696
63.000000
-3.050503
39.000000
5.338549
44.000000
-5.961088
35.000000
7.499027
34.000000
-7.520553
29.000000
7.040974
30.000000
-6.946486
33.000000
5.665384
44.000000
-3.042956
31.000000
1.754805
26.000000
-1.224019
39.000000
1.451753
45.000000
-2.120776
38.000000
3.034156
43.000000
-2.496361
28.000000
0.921435
1.000000
-0.006383
29.000000
0.917806
36.000000
-2.030275
33.000000
2.441198
75.000000
-1.823212
33.000000
4.410144
32.000000
-5.211706
15.000000
1.676524
23.000000
-2.270387
31.000000
9.140541
42.000000
-8.448898
41.000000
7.220495
35.000000
-8.146403
32.000000
6.075193
21.000000
-1.341207
18.000000
1.004886
18.000000
-0.947565
12.000000
0.623653
16.000000
-1.379110
54.000000
2.233061
38.000000
-3.137931
45.000000
4.429224
49.000000
-4.488872
35.000000
4.264857
27.000000
-3.091985
27.000000
2.336617
42.000000
-3.464409
43.000000
6.657623
40.000000
-9.904489
44.000000
8.575065
36.000000
-4.932587
5.000000
0.158799
22.000000
-1.155860
32.000000
4.110244
40.000000
-1.314808
14.000000
0.519997
27.000000
-3.635746
50.000000
3.078621
34.000000
-4.809086
26.000000
3.935258
33.000000
-4.095002
30.000000
5.024560
33.000000
-4.613239
20.000000
2.419701
13.000000
-0.604015
35.000000
0.962440
28.000000
-2.917734
33.000000
4.789598
38.000000
-4.456180
31.000000
6.111674
37.000000
-2.925032
31.000000
2.356086
28.000000
-2.673217
37.000000
2.989632
53.000000
-2.693083
38.000000
5.009059
45.000000
-5.174858
36.000000
2.914563
19.000000
-0.574624
22.000000
2.265127
43.000000
-4.203777
38.000000
4.264201
11.000000
-0.626735
10.000000
0.519540
33.000000
-3.657451
48.000000
1.913494
23.000000
-2.506553
42.000000
2.361027
32.000000
-6.655177
30.000000
11.075900
47.000000
-6.644965
31.000000
4.771809
30.000000
-1.547683
51.000000
1.547941
39.000000
-2.580061
28.000000
4.562152
13.000000
-1.149616
30.000000
0.980466
36.000000
-5.277071
37.000000
9.462593
53.000000
-5.554242
37.000000
9.389861
51.000000
-5.956166
38.000000
5.899760
49.000000
-2.917038
55.000000
4.454569
32.000000
-8.682757
22.000000
6.540037
24.000000
-3.742414
31.000000
9.441057
43.000000
-10.616654
47.000000
9.667359
59.000000
-4.880784
43.000000
5.887331
45.000000
-5.515414
44.000000
4.560074
40.000000
-4.490762
43.000000
3.743955
20.000000
-1.286491
8.000000
0.282609
35.000000
-2.725537
34.000000
4.504721
32.000000
-3.319689
29.000000
2.882725
46.000000
-2.910695
36.000000
6.030739
45.000000
-5.830219
42.000000
7.618511
40.000000
-8.593916
37.000000
7.779070
32.000000
-5.063477
19.000000
3.420242
20.000000
-2.285699
28.000000
3.267369
37.000000
-3.194646
32.000000
1.431171
17.000000
-0.763053
22.000000
2.124007
39.000000
-2.988886
18.000000
1.027844
10.000000
-0.360164
35.000000
4.516106
42.000000
-6.915046
31.000000
7.666327
68.000000
-3.294712
37.000000
4.956679
38.000000
-3.666012
31.000000
1.503029
23.000000
-1.966789
35.000000
2.755803
31.000000
-4.893472
23.000000
5.658861
40.000000
-1.622663
38.000000
3.744750
38.000000
-3.941433
45.000000
5.932870
49.000000
-5.376451
37.000000
9.625101
40.000000
-10.439550
52.000000
7.422147
44.000000
-4.447410
40.000000
6.145659
42.000000
-5.287720
40.000000
5.610230
37.000000
-6.242951
50.000000
4.179795
38.000000
-4.645753
31.000000
3.511270
47.000000
-1.069794
36.000000
2.289746
39.000000
-3.171618
35.000000
4.043875
39.000000
-5.460658
43.000000
4.612881
34.000000
-5.225547
36.000000
5.008800
32.000000
-4.032480
42.000000
3.868362
52.000000
-3.005173
32.000000
8.962691
46.000000
-8.722917
38.000000
8.870569
47.000000
-4.999354
14.000000
1.664264
8.000000
-0.395869
38.000000
4.905363
37.000000
-4.927824
41.000000
3.441063
33.000000
-2.955776
29.000000
3.033252
30.000000
-3.683204
32.000000
2.032870
29.000000
-3.002438
31.000000
3.346744
31.000000
-4.503837
22.000000
3.892921
50.000000
-2.259699
32.000000
3.224336
37.000000
-3.624550
23.000000
2.285123
26.000000
-2.698691
42.000000
4.420186
39.000000
-6.754875
38.000000
7.450744
53.000000
-2.267116
27.000000
7.514816
37.000000
-3.788420
40.000000
3.332634
45.000000
-2.202268
7.000000
0.470471
27.000000
-1.572908
28.000000
11.385574
41.000000
-9.801013
42.000000
9.328722
45.000000
-7.786716
46.000000
6.989221
37.000000
-8.381853
30.000000
4.333881
19.000000
-1.716524
20.000000
2.025691
38.000000
-2.679014
34.000000
5.622619
41.000000
-5.314228
44.000000
6.025488
47.000000
-7.076788
43.000000
8.020674
46.000000
-6.879629
53.000000
5.393106
45.000000
-5.362014
40.000000
6.191785
53.000000
-3.137136
46.000000
4.407151
54.000000
-3.385640
32.000000
6.586043
43.000000
-3.982049
23.000000
5.993194
46.000000
-2.526379
43.000000
3.790289
46.000000
-3.372068
42.000000
3.706261
16.000000
-0.900246
7.000000
0.470730
28.000000
-4.035035
23.000000
2.648121
33.000000
-2.582169
31.000000
5.640079
63.000000
-3.802688
34.000000
7.595225
34.000000
-8.507741
25.000000
4.087137
32.000000
-2.666276
30.000000
6.656400
36.000000
-6.846430
30.000000
5.385380
38.000000
-2.298516
31.000000
4.176783
45.000000
-3.275969
34.000000
6.243001
33.000000
-4.708801
40.000000
2.277387
9.000000
-0.399389
11.000000
0.281704
31.000000
-1.855010
11.000000
0.302644
21.000000
-1.001883
35.000000
4.301239
36.000000
-5.834693
33.000000
8.593887
42.000000
-6.589633
39.000000
6.298413
43.000000
-5.102831
28.000000
9.043756
47.000000
-3.279211
40.000000
2.944898
33.000000
-3.594880
50.000000
2.897729
38.000000
-3.294891
38.000000
2.939380
39.000000
-5.888107
26.000000
10.096120
47.000000
-5.180704
38.000000
3.144712
38.000000
-2.216914
31.000000
1.457122
32.000000
-3.104592
25.000000
4.675512
53.000000
-3.197688
31.000000
3.526025
33.000000
-2.570516
42.000000
1.873643
37.000000
-1.522497
33.000000
2.970780
33.000000
-3.247463
23.000000
2.531132
16.000000
-0.861707
3.000000
0.108975
13.000000
-0.570080
32.000000
1.906922
32.000000
-4.312952
37.000000
4.110821
60.000000
-2.984203
38.000000
4.998658
38.000000
-2.533747
21.000000
2.544495
26.000000
-3.471538
51.000000
3.143867
39.000000
-5.730262
32.000000
8.788172
58.000000
-3.781977
29.000000
2.445592
20.000000
-1.612044
19.000000
1.861214
25.000000
-1.317901
24.000000
2.636726
53.000000
-2.043757
46.000000
3.894511
42.000000
-5.016248
45.000000
5.131685
34.000000
-5.256251
20.000000
3.811627
20.000000
-2.280698
23.000000
2.946559
31.000000
-1.674376
27.000000
2.432110
38.000000
-3.570192
42.000000
4.116170
32.000000
-6.930686
24.000000
6.900221
32.000000
-4.485810
38.000000
4.502484
40.000000
-3.962671
38.000000
1.560469
2.000000
-0.002774
34.000000
4.386887
42.000000
-5.621933
47.000000
4.643814
54.000000
-5.431108
29.000000
11.459291
45.000000
-8.785637
39.000000
9.347514
50.000000
-4.265017
54.000000
4.092128
42.000000
-4.691261
33.000000
5.743357
47.000000
-3.235243
31.000000
2.810251
9.000000
-0.272288
15.000000
0.829094
40.000000
-1.703877
41.000000
3.723145
35.000000
-5.434230
36.000000
2.721172
8.000000
-0.337444
31.000000
1.195771
32.000000
-4.029726
51.000000
3.890594
42.000000
-4.503319
33.000000
5.838113
41.000000
-4.101932
35.000000
4.577245
49.000000
-2.906409
32.000000
5.353851
34.000000
-4.784407
70.000000
1.985223
32.000000
-4.410780
30.000000
5.017102
29.000000
-3.579300
27.000000
2.738642
29.000000
-5.046762
30.000000
6.419220
40.000000
-4.795354
42.000000
4.097050
37.000000
-7.754063
39.000000
6.249573
39.000000
-8.644824
33.000000
9.410522
34.000000
-5.978448
18.000000
1.519037
17.000000
-1.549622
46.000000
3.927393
41.000000
-6.210915
43.000000
7.440243
38.000000
-8.325665
49.000000
4.523245
43.000000
-2.987773
40.000000
3.002846
33.000000
-2.291536
38.000000
6.106186
41.000000
-8.113541
30.000000
14.759063
48.000000
-7.235896
38.000000
9.172776
46.000000
-7.661425
39.000000
8.577232
46.000000
-7.237924
43.000000
8.038273
41.000000
-7.598874
36.000000
5.504248
27.000000
-2.746347
20.000000
1.262339
29.000000
-1.922006
35.000000
1.257646
28.000000
-1.680322
53.000000
2.106597
32.000000
-5.258746
29.000000
4.579522
25.000000
-1.899733
23.000000
2.010230
42.000000
-3.392799
34.000000
1.939167
19.000000
-0.524114
33.000000
2.455704
36.000000
-7.039124
36.000000
9.771313
45.000000
-7.575965
34.000000
11.166510
52.000000
-5.653224
29.000000
10.192985
32.000000
-3.126725
9.000000
0.548633
29.000000
-3.036612
35.000000
6.163805
56.000000
-2.433005
45.000000
4.345763
42.000000
-5.137064
44.000000
5.075766
57.000000
-4.922843
36.000000
9.758238
62.000000
-6.634098
33.000000
9.238648
39.000000
-7.090281
36.000000
4.257460
37.000000
-1.125544
30.000000
2.513990
50.000000
-2.309195
46.000000
3.108520
36.000000
-2.378030
28.000000
3.408390
26.000000
-2.413148
35.000000
3.574378
40.000000
-3.722796
33.000000
4.610326
29.000000
-3.482147
18.000000
3.232002
35.000000
-2.711249
30.000000
3.735444
34.000000
-3.510783
31.000000
1.386000
17.000000
-1.071812
18.000000
1.427164
24.000000
-1.880116
21.000000
2.503192
26.000000
-2.402340
27.000000
2.062679
34.000000
-2.321643
18.000000
1.473359
37.000000
-1.503854
13.000000
0.676430
14.000000
-0.914385
10.000000
1.128636
22.000000
-3.959091
34.000000
3.700554
38.000000
-3.452974
27.000000
2.044274
10.000000
-0.373965
30.000000
1.492996
43.000000
-1.935379
1.000000
0.007109
8.000000
-0.119077
19.000000
1.516810
18.000000
-1.075769
25.000000
2.717841
52.000000
-2.568527
33.000000
5.808613
57.000000
-3.924301
32.000000
7.293038
35.000000
-4.812367
21.000000
2.616423
29.000000
-2.185186
31.000000
8.297785
48.000000
-5.980447
39.000000
7.590969
38.000000
-3.848406
64.000000
3.142097
41.000000
-3.920184
33.000000
5.976032
46.000000
-4.548779
45.000000
3.451920
45.000000
-6.091450
26.000000
10.458511
44.000000
-4.273468
43.000000
4.533944
51.000000
-4.557668
35.000000
7.068675
31.000000
-5.509807
22.000000
1.708699
12.000000
-0.375804
18.000000
1.952073
25.000000
-3.689637
31.000000
8.437265
39.000000
-9.136693
32.000000
8.806178
55.000000
-2.726312
40.000000
1.764390
25.000000
-2.175323
27.000000
3.511160
37.000000
-4.847326
38.000000
6.342669
43.000000
-7.910437
37.000000
9.437269
40.000000
-7.999038
43.000000
4.082732
46.000000
-2.194244
28.000000
2.182969
36.000000
-2.046889
27.000000
4.337610
31.000000
-4.116608
38.000000
2.788336
62.000000
-2.575597
39.000000
4.362408
40.000000
-5.003570
36.000000
5.434856
29.000000
-1.699104
13.000000
0.609126
32.000000
-2.094069
17.000000
1.262598
7.000000
-0.181081
33.000000
4.462086
37.000000
-6.474523
47.000000
2.592977
9.000000
-0.581703
19.000000
4.807246
34.000000
-5.321994
26.000000
2.644203
14.000000
-1.069237
28.000000
1.110480
19.000000
-0.990121
22.000000
2.427049
34.000000
-4.364049
28.000000
6.677529
77.000000
-3.369732
30.000000
4.902629
48.000000
-2.631526
15.000000
0.767935
5.000000
-0.127240
39.000000
4.118010
38.000000
-4.932776
49.000000
6.774701
43.000000
-7.263935
46.000000
7.446369
52.000000
-6.271915
47.000000
5.065058
44.000000
-5.604841
43.000000
7.445722
44.000000
-5.279199
35.000000
9.414420
39.000000
-5.841405
42.000000
6.134106
30.000000
-4.707787
22.000000
5.292682
27.000000
-3.245683
28.000000
2.896526
24.000000
-1.139574
33.000000
1.778051
39.000000
-1.957969
68.000000
1.605392
43.000000
-4.234959
37.000000
7.379015
44.000000
-5.684355
42.000000
5.157279
33.000000
-4.618688
45.000000
4.069478
40.000000
-5.191940
46.000000
6.327994
45.000000
-5.798739
35.000000
5.468096
53.000000
-3.609665
11.000000
0.817819
3.000000
-0.097521
35.000000
5.401995
42.000000
-6.117332
30.000000
6.125644
21.000000
-1.317384
6.000000
0.299154
12.000000
-0.570607
5.000000
0.236205
31.000000
-6.325398
51.000000
4.644877
41.000000
-5.522782
32.000000
5.909116
30.000000
-3.637496
26.000000
4.170150
37.000000
-2.856257
31.000000
3.501496
14.000000
-0.610787
17.000000
1.033124
50.000000
-1.585993
38.000000
4.502395
30.000000
-8.011477
30.000000
9.212567
36.000000
-6.416138
42.000000
6.449099
31.000000
-1.482596
5.000000
0.143318
17.000000
-0.836005
10.000000
0.312617
19.000000
-1.018657
35.000000
2.843301
31.000000
-3.440555
21.000000
3.106989
21.000000
-1.464898
24.000000
4.398153
44.000000
-2.409022
41.000000
3.290238
56.000000
-3.108629
39.000000
4.695785
59.000000
-4.548689
29.000000
13.065389
42.000000
-7.409908
53.000000
4.762334
45.000000
-3.486164
32.000000
5.788369
37.000000
-6.094204
43.000000
5.796323
36.000000
-8.012174
32.000000
5.863269
42.000000
-2.310825
29.000000
3.382051
53.000000
-1.658974
47.000000
1.965407
25.000000
-2.137291
19.000000
1.156785
32.000000
-2.378050
31.000000
8.309716
46.000000
-6.592268
34.000000
11.131739
43.000000
-4.665559
25.000000
2.408724
19.000000
-2.087268
28.000000
5.109661
37.000000
-3.208049
7.000000
0.389337
24.000000
-2.298705
31.000000
4.386758
26.000000
-4.353300
34.000000
1.696897
32.000000
-4.762801
37.000000
6.065310
49.000000
-4.288651
41.000000
4.321791
64.000000
-2.969100
28.000000
8.970248
36.000000
-6.507026
40.000000
4.609630
35.000000
-7.431454
37.000000
8.150191
43.000000
-8.015255
41.000000
9.569013
51.000000
-7.380039
37.000000
8.091508
59.000000
-3.855724
31.000000
4.572463
25.000000
-1.827100
11.000000
0.731067
22.000000
-1.419309
25.000000
2.409967
32.000000
-3.790399
27.000000
8.800024
33.000000
-6.034914
33.000000
5.632324
39.000000
-4.065381
29.000000
3.947388
19.000000
-1.571407
16.000000
0.698653
15.000000
-0.499803
18.000000
0.847459
30.000000
-3.249601
38.000000
3.914219
42.000000
-4.482121
39.000000
4.830990
42.000000
-4.172497
33.000000
3.904355
9.000000
-0.490685
23.000000
1.532917
47.000000
-3.671839
47.000000
6.653576
41.000000
-10.211478
40.000000
9.640006
48.000000
-8.266077
48.000000
6.451127
37.000000
-9.033376
42.000000
5.128702
53.000000
-4.404864
45.000000
4.755125
44.000000
-6.801965
37.000000
6.401004
29.000000
-5.852620
22.000000
4.921431
19.000000
-1.192331
26.000000
3.080272
37.000000
-3.775256
40.000000
4.772754
37.000000
-5.488230
41.000000
3.471727
30.000000
-1.479096
35.000000
2.467755
30.000000
-3.897375
29.000000
10.875251
35.000000
-5.742691
29.000000
5.970564
43.000000
-2.078021
29.000000
3.963138
36.000000
-5.447434
31.000000
5.610688
41.000000
-4.631117
26.000000
3.932533
28.000000
-2.614235
22.000000
3.081137
32.000000
-3.313584
32.000000
3.142853
24.000000
-2.786040
15.000000
1.016360
28.000000
-2.612256
10.000000
0.612358
16.000000
-0.849696
24.000000
5.299224
36.000000
-6.528165
23.000000
10.326896
81.000000
-3.318336
36.000000
4.220571
42.000000
-6.951040
41.000000
6.587018
15.000000
-0.341392
16.000000
1.030559
44.000000
-6.958447
31.000000
13.769371
41.000000
-6.553341
44.000000
3.457588
18.000000
-0.677623
22.000000
1.768635
27.000000
-0.519172
6.000000
0.252164
29.000000
-1.648166
32.000000
5.155767
35.000000
-3.738268
40.000000
2.983109
28.000000
-3.114655
41.000000
2.189104
46.000000
-3.918216
33.000000
6.769391
40.000000
-6.085594
32.000000
6.865291
35.000000
-3.513209
26.000000
1.930527
18.000000
-1.983771
24.000000
5.948261
42.000000
-4.363750
41.000000
4.437776
36.000000
-5.238353
6.000000
0.286457
13.000000
-0.472271
33.000000
6.453802
46.000000
-5.558149
41.000000
4.071148
58.000000
-5.245890
27.000000
7.916521
29.000000
-4.953865
22.000000
1.642946
27.000000
-1.392294
42.000000
1.847394
30.000000
-3.056707
39.000000
2.232773
14.000000
-0.641162
29.000000
1.116963
20.000000
-2.300843
18.000000
4.895003
35.000000
-4.814296
31.000000
6.476899
34.000000
-6.293352
26.000000
4.361135
1.000000
-0.016098
17.000000
1.461089
8.000000
-0.323753
16.000000
2.484668
31.000000
-4.990227
37.000000
6.914758
36.000000
-6.257060
27.000000
5.879804
18.000000
-1.411096
31.000000
1.534170
16.000000
-1.290746
15.000000
1.385254
36.000000
-1.061273
30.000000
3.105487
35.000000
-2.813283
26.000000
5.180943
47.000000
-1.784077
29.000000
1.404733
27.000000
-1.615444
22.000000
2.558972
59.000000
-3.133417
29.000000
7.544615
45.000000
-6.498406
32.000000
14.689682
43.000000
-8.471866
35.000000
7.307833
33.000000
-2.023543
7.000000
0.095622
39.000000
-2.811146
27.000000
3.898936
44.000000
-1.825668
24.000000
2.950188
30.000000
-3.216212
31.000000
2.477887
31.000000
-2.084981
38.000000
3.364352
36.000000
-5.438505
35.000000
6.344518
31.000000
-3.286738
16.000000
0.876174
25.000000
-2.151141
33.000000
6.447180
31.000000
-6.875443
27.000000
9.820013
36.000000
-7.221906
45.000000
5.623484
44.000000
-7.416828
32.000000
10.933169
52.000000
-4.538905
52.000000
2.754471
40.000000
-3.609059
36.000000
4.270555
37.000000
-4.224220
37.000000
5.983748
45.000000
-7.500369
39.000000
9.735707
47.000000
-8.854850
45.000000
7.535437
41.000000
-6.889343
29.000000
2.299013
19.000000
-1.959113
27.000000
3.385750
51.000000
-2.214249
43.000000
1.082571
18.000000
-1.501955
28.000000
3.398845
34.000000
-4.217648
49.000000
2.010329
23.000000
-1.557864
6.000000
0.258139
25.000000
-2.409937
33.000000
2.415326
28.000000
-1.912242
16.000000
0.416173
18.000000
-0.561121
29.000000
1.880593
28.000000
-3.656178
53.000000
3.540333
32.000000
-4.219040
35.000000
8.018050
45.000000
-6.778887
41.000000
7.263378
49.000000
-4.785968
36.000000
3.001424
23.000000
-2.046879
9.000000
0.534892
13.000000
-0.693910
7.000000
0.311006
30.000000
-3.301583
28.000000
6.667784
41.000000
-5.452744
34.000000
7.219619
43.000000
-6.319124
26.000000
7.705333
30.000000
-1.712816
21.000000
2.442649
37.000000
-4.308040
32.000000
7.107314
31.000000
-5.336700
48.000000
5.038848
37.000000
-5.003540
43.000000
4.499283
58.000000
-4.032619
33.000000
6.671652
52.000000
-4.325967
60.000000
3.539965
38.000000
-6.017713
35.000000
8.188054
45.000000
-5.035547
29.000000
6.715829
30.000000
-4.743243
29.000000
3.214065
24.000000
-3.218966
22.000000
2.912932
28.000000
-2.737926
47.000000
3.724248
40.000000
-4.611131
25.000000
4.635074
25.000000
-2.497395
22.000000
4.285330
48.000000
-3.424557
38.000000
3.186970
31.000000
-2.728858
13.000000
1.057544
24.000000
-2.090350
46.000000
1.497172
48.000000
-1.795750
32.000000
4.450204
34.000000
-3.125741
20.000000
0.367472
19.000000
-0.724385
35.000000
3.266643
32.000000
-5.090611
23.000000
4.067360
27.000000
-3.176033
34.000000
5.278822
42.000000
-5.780583
43.000000
7.766960
38.000000
-7.297671
32.000000
4.060549
15.000000
-0.654486
23.000000
3.684894
31.000000
-5.094866
31.000000
4.011759
30.000000
-3.775514
38.000000
2.841432
11.000000
-0.826201
9.000000
0.444510
34.000000
-3.086089
43.000000
3.982517
43.000000
-2.647186
57.000000
3.945400
36.000000
-6.108930
55.000000
4.689601
39.000000
-3.727430
44.000000
2.152086
25.000000
-3.286638
28.000000
3.237679
29.000000
-4.896942
26.000000
4.280110
29.000000
-2.519409
37.000000
1.652909
53.000000
-3.458363
28.000000
6.546420
32.000000
-3.725143
21.000000
2.477161
29.000000
-1.495532
41.000000
2.873458
34.000000
-6.005543
32.000000
6.517516
33.000000
-4.348786
19.000000
2.397240
35.000000
-1.652482
36.000000
5.497099
50.000000
-5.738037
44.000000
8.040023
47.000000
-8.355434
35.000000
10.312310
41.000000
-6.105470
30.000000
3.584778
33.000000
-1.808795
28.000000
1.817565
11.000000
-0.645428
21.000000
1.411315
49.000000
-1.403520
27.000000
1.897108
9.000000
-0.379722
28.000000
3.650690
33.000000
-7.342962
34.000000
8.630576
56.000000
-2.761103
39.000000
4.532432
34.000000
-4.251504
43.000000
5.172889
38.000000
-1.879460
35.000000
2.566370
45.000000
-1.527528
33.000000
2.536183
47.000000
-2.936069
40.000000
5.981750
44.000000
-7.851952
32.000000
13.386785
68.000000
-6.223513
38.000000
6.739334
50.000000
-6.135687
36.000000
7.279337
41.000000
-4.893611
34.000000
3.086238
23.000000
-2.222820
22.000000
4.172229
36.000000
-2.071051
25.000000
2.758746
30.000000
-6.676127
44.000000
6.034050
53.000000
-5.392420
41.000000
8.573285
43.000000
-9.220452
32.000000
9.109499
26.000000
-2.233161
10.000000
0.674551
28.000000
-3.285147
41.000000
3.853755
31.000000
-2.602284
29.000000
3.504797
26.000000
-1.559614
21.000000
1.685989
3.000000
-0.034234
29.000000
0.897969
18.000000
-1.359920
25.000000
3.862098
67.000000
-2.735072
31.000000
7.539643
40.000000
-7.417385
28.000000
6.275972
22.000000
-1.665895
14.000000
1.005125
26.000000
-3.162898
22.000000
4.185194
32.000000
-1.683951
43.000000
3.041395
34.000000
-8.019631
37.000000
8.239768
48.000000
-7.460060
40.000000
7.782401
41.000000
-3.804667
22.000000
2.204207
22.000000
-1.645452
22.000000
2.603497
19.000000
-2.097290
33.000000
3.549491
44.000000
-4.522818
43.000000
5.232169
40.000000
-5.281287
55.000000
3.622611
31.000000
-3.464617
14.000000
2.720824
29.000000
-3.450717
35.000000
7.191809
47.000000
-6.666999
41.000000
8.376096
43.000000
-6.978681
69.000000
3.160810
42.000000
-2.586355
59.000000
3.593508
34.000000
-1.869467
20.000000
2.331487
33.000000
-3.598002
45.000000
4.158090
57.000000
-3.647757
37.000000
6.692781
72.000000
-3.262049
30.000000
6.158834
53.000000
-2.540190
23.000000
1.844649
18.000000
-1.770167
14.000000
3.224912
40.000000
-3.443966
45.000000
3.597048
43.000000
-8.000271
36.000000
10.346474
44.000000
-5.762318
48.000000
3.279668
34.000000
-3.719048
29.000000
6.728854
39.000000
-6.029943
40.000000
5.288138
40.000000
-3.252156
37.000000
2.394217
30.000000
-3.421704
35.000000
6.033691
35.000000
-8.503287
53.000000
3.669204
43.000000
-6.405171
36.000000
5.472451
34.000000
-3.103201
19.000000
0.489164
9.000000
-0.476626
32.000000
5.575251
40.000000
-3.834764
39.000000
4.279354
55.000000
-2.944421
39.000000
3.986653
28.000000
-3.702722
23.000000
2.319148
32.000000
-1.882383
43.000000
3.078194
56.000000
-3.756732
29.000000
9.124304
51.000000
-4.928024
33.000000
5.233372
30.000000
-6.321371
35.000000
4.705440
57.000000
-2.354614
53.000000
3.428206
37.000000
-5.473962
51.000000
3.204539
41.000000
-4.606507
49.000000
5.592164
41.000000
-7.441427
55.000000
7.107771
40.000000
-11.618627
36.000000
11.159301
69.000000
-3.907279
30.000000
6.700775
39.000000
-6.196895
35.000000
6.336753
46.000000
-5.835956
40.000000
7.568558
42.000000
-6.621102
44.000000
5.681203
49.000000
-3.861183
41.000000
5.345907
36.000000
-6.704852
30.000000
8.184395
47.000000
-4.232910
39.000000
6.667625
38.000000
-5.745027
65.000000
3.664292
37.000000
-5.757625
40.000000
4.050288
44.000000
-3.321419
27.000000
2.898823
19.000000
-1.986456
8.000000
0.346831
24.000000
-2.177759
16.000000
1.112658
26.000000
-1.034456
18.000000
0.485535
7.000000
-0.212700
17.000000
1.289344
29.000000
-1.952878
44.000000
1.348664
50.000000
-2.071160
25.000000
4.285956
26.000000
-3.642557
27.000000
0.989296
12.000000
-0.226381
20.000000
1.850287
26.000000
-3.002369
58.000000
1.915513
32.000000
-4.691142
49.000000
3.181879
42.000000
-3.409533
54.000000
2.950685
42.000000
-4.010695
53.000000
4.851085
41.000000
-5.488131
42.000000
4.095877
31.000000
-3.327772
28.000000
3.455003
33.000000
-4.108703
33.000000
5.401875
24.000000
-1.655275
6.000000
0.334173
29.000000
-4.062806
29.000000
8.154079
31.000000
-5.016078
26.000000
3.295080
33.000000
-1.752677
40.000000
3.939404
46.000000
-5.610807
34.000000
13.235612
44.000000
-9.425437
39.000000
10.254700
45.000000
-6.776421
37.000000
8.897993
46.000000
-6.714278
38.000000
6.147220
42.000000
-5.564901
40.000000
3.652669
26.000000
-1.256791
21.000000
2.442043
27.000000
-3.075479
22.000000
2.219161
1.000000
-0.005498
28.000000
2.839642
48.000000
-3.156515
42.000000
4.982929
48.000000
-4.792868
33.000000
6.670081
28.000000
-3.877320
12.000000
2.650497
29.000000
-2.554508
48.000000
4.568287
44.000000
-4.433261
31.000000
5.367224
30.000000
-4.373405
27.000000
3.986723
38.000000
-3.488590
38.000000
5.335943
33.000000
-4.704655
55.000000
3.984495
33.000000
-3.421892
37.000000
2.735838
43.000000
-5.943479
34.000000
8.950899
40.000000
-6.097058
33.000000
6.281520
44.000000
-4.270058
39.000000
4.958230
45.000000
-6.727402
46.000000
5.468563
49.000000
-7.210641
42.000000
6.968291
41.000000
-7.512072
44.000000
5.760777
38.000000
-4.589157
41.000000
3.735494
32.000000
-1.954032
24.000000
3.779929
26.000000
-4.335164
34.000000
4.529639
55.000000
-2.707281
46.000000
6.298711
39.000000
-7.989961
32.000000
7.745333
45.000000
-2.159096
15.000000
1.345781
39.000000
-1.746492
31.000000
5.833967
36.000000
-3.559135
42.000000
3.255586
31.000000
-3.823509
29.000000
6.114895
29.000000
-6.797411
29.000000
5.344246
34.000000
-3.046048
26.000000
4.797224
42.000000
-3.169102
30.000000
3.793690
31.000000
-3.651008
27.000000
4.256316
43.000000
-4.139158
40.000000
4.112402
37.000000
-6.486435
35.000000
3.578753
35.000000
-2.520622
17.000000
3.037885
31.000000
-3.485687
24.000000
5.311584
33.000000
-5.880401
31.000000
9.998251
36.000000
-9.541412
36.000000
10.187913
49.000000
-4.685236
47.000000
4.319315
36.000000
-4.290510
37.000000
4.675184
35.000000
-3.157201
28.000000
6.758156
29.000000
-5.037356
27.000000
3.289820
15.000000
-0.780513
37.000000
1.668162
25.000000
-1.494876
26.000000
1.225879
42.000000
-2.964426
41.000000
6.248638
48.000000
-5.949206
47.000000
7.097400
42.000000
-8.532647
38.000000
9.286295
37.000000
-6.714884
29.000000
4.947362
23.000000
-0.904800
2.000000
0.026130
19.000000
-0.747473
13.000000
0.678627
8.000000
-0.224134
8.000000
0.232188
33.000000
-2.446835
31.000000
7.746845
57.000000
-4.548192
33.000000
10.425600
51.000000
-7.771682
37.000000
7.860126
46.000000
-5.736984
45.000000
4.769881
35.000000
-2.374222
6.000000
0.162945
5.000000
-0.099012
47.000000
1.496745
30.000000
-3.090304
36.000000
2.402360
32.000000
-3.171857
29.000000
5.764784
38.000000
-4.717332
36.000000
5.115528
40.000000
-3.489982
27.000000
3.750856
45.000000
-1.212058
39.000000
6.989877
39.000000
-9.304291
36.000000
10.916116
52.000000
-6.063272
37.000000
7.009236
53.000000
-4.050040
28.000000
6.973939
36.000000
-6.001884
30.000000
6.175787
32.000000
-3.770304
11.000000
1.447368
20.000000
-1.542105
49.000000
2.618272
40.000000
-6.103541
41.000000
6.460145
45.000000
-3.505095
43.000000
2.807039
20.000000
-1.671274
9.000000
0.265756
41.000000
-1.638323
58.000000
2.067054
35.000000
-6.704464
30.000000
16.784983
44.000000
-8.962413
36.000000
6.483700
14.000000
-0.901300
20.000000
1.927773
43.000000
-4.303804
44.000000
5.157398
33.000000
-3.955581
37.000000
3.384527
38.000000
-3.345143
43.000000
4.972906
41.000000
-5.414781
50.000000
4.977897
37.000000
-8.234786
27.000000
7.082287
19.000000
-1.670578
12.000000
0.248365
41.000000
-2.695847
31.000000
1.368083
29.000000
-2.048351
30.000000
5.469607
33.000000
-7.143834
44.000000
5.173476
36.000000
-7.192883
62.000000
4.910991
53.000000
-3.000350
52.000000
3.364253
44.000000
-4.744765
54.000000
3.862813
37.000000
-2.349384
33.000000
2.442271
46.000000
-2.538509
41.000000
5.087777
46.000000
-5.415726
43.000000
7.268051
38.000000
-9.715374
44.000000
6.611149
47.000000
-4.611280
34.000000
6.999134
34.000000
-4.093421
10.000000
0.928445
18.000000
-1.415153
40.000000
4.023134
53.000000
-3.105706
30.000000
9.300474
33.000000
-7.028734
27.000000
3.402245
7.000000
-0.372891
25.000000
1.505196
30.000000
-1.326024
13.000000
0.339115
26.000000
-1.238317
26.000000
2.900632
26.000000
-2.872643
47.000000
1.412259
19.000000
-0.681412
7.000000
0.328555
8.000000
-0.290186
4.000000
0.106469
31.000000
-2.948697
27.000000
4.806679
56.000000
-2.174010
32.000000
7.135283
40.000000
-8.357353
36.000000
6.280864
40.000000
-5.115846
36.000000
2.980842
13.000000
-1.124828
15.000000
1.670270
25.000000
-3.626021
31.000000
3.646445
14.000000
-0.960550
9.000000
0.354805
31.000000
-4.501082
33.000000
5.457268
39.000000
-3.494307
25.000000
1.465713
13.000000
-0.969777
40.000000
1.825768
51.000000
-2.548701
56.000000
3.890872
52.000000
-5.580839
38.000000
7.045250
42.000000
-7.170471
59.000000
3.102455
28.000000
-3.845374
72.000000
2.480701
29.000000
-2.949194
34.000000
2.763936
43.000000
-1.196925
20.000000
2.894448
29.000000
-3.800143
29.000000
8.122480
49.000000
-4.204871
34.000000
8.205385
33.000000
-5.986701
30.000000
3.664918
29.000000
-3.867288
37.000000
4.027250
49.000000
-5.412167
34.000000
5.611125
35.000000
-6.605333
8.000000
0.282639
3.000000
-0.044674
56.000000
3.165762
43.000000
-3.965534
28.000000
7.203084
61.000000
-2.983596
28.000000
3.264386
18.000000
-0.787423
23.000000
1.012015
39.000000
-4.699365
44.000000
6.022168
38.000000
-8.032994
53.000000
4.846491
45.000000
-5.362879
35.000000
6.160385
42.000000
-3.944107
62.000000
3.142933
36.000000
-3.734539
40.000000
4.471482
34.000000
-4.650525
60.000000
2.280638
25.000000
-2.836659
43.000000
1.090028
28.000000
-2.225843
64.000000
2.509108
50.000000
-2.397966
51.000000
5.024361
46.000000
-4.547874
33.000000
7.112483
38.000000
-6.036167
28.000000
6.232491
23.000000
-0.818436
7.000000
0.342237
23.000000
-1.550566
17.000000
1.161866
32.000000
-2.665948
30.000000
4.412133
73.000000
-3.769001
40.000000
4.944260
46.000000
-4.165666
26.000000
4.845497
10.000000
-0.557810
17.000000
1.526464
13.000000
-0.693512
22.000000
0.787274
43.000000
-3.008354
29.000000
3.933269
20.000000
-2.907602
23.000000
3.841774
58.000000
-1.735167
34.000000
2.956223
29.000000
-3.294931
29.000000
3.873681
38.000000
-6.069039
40.000000
11.794051
47.000000
-10.639572
36.000000
15.254611
49.000000
-7.680933
36.000000
6.649270
16.000000
-0.775452
18.000000
1.769003
31.000000
-3.992400
42.000000
5.175325
47.000000
-4.408573
39.000000
7.483257
44.000000
-9.156689
45.000000
8.303542
46.000000
-8.295727
37.000000
8.415161
45.000000
-5.378977
33.000000
2.124981
10.000000
-0.254490
27.000000
2.341937
42.000000
-2.372730
27.000000
3.685441
24.000000
-1.837003
19.000000
1.679516
38.000000
-1.856491
28.000000
4.687742
39.000000
-3.127093
36.000000
3.920592
34.000000
-3.825676
41.000000
1.906604
66.000000
-2.515939
41.000000
3.418184
41.000000
-4.002949
55.000000
3.464100
36.000000
-4.021095
21.000000
6.924751
22.000000
-3.508327
32.000000
2.695837
46.000000
-3.122530
42.000000
2.424861
44.000000
-3.107685
38.000000
4.392933
32.000000
-7.272157
37.000000
5.451382
36.000000
-5.074474
6.000000
0.048333
14.000000
-0.592979
37.000000
5.396497
44.000000
-4.986508
41.000000
5.437094
39.000000
-3.069394
19.000000
1.151018
23.000000
-1.090415
53.000000
2.178514
27.000000
-4.294229
30.000000
4.632300
33.000000
-5.819778
50.000000
5.800002
42.000000
-4.931026
37.000000
7.921513
38.000000
-6.903363
51.000000
5.781011
38.000000
-6.833424
36.000000
9.063613
43.000000
-6.229618
46.000000
5.574098
35.000000
-4.962416
33.000000
3.039605
44.000000
-2.649045
29.000000
3.764994
33.000000
-2.089465
8.000000
0.437670
27.000000
-1.021222
26.000000
1.301892
25.000000
-1.737902
33.000000
2.304691
33.000000
-5.642068
27.000000
8.699729
36.000000
-3.850166
29.000000
4.777636
29.000000
-2.911440
