2.000000
-0.000179
1.000000
0.000119
2.000000
-0.000766
1.000000
0.000169
12.000000
-0.001462
54.000000
0.002555
1.000000
-0.000040
2.000000
0.000457
1.000000
-0.000249
1.000000
0.000477
2.000000
-0.000477
4.000000
0.000487
2.000000
-0.000249
1.000000
0.000597
1.000000
-0.000020
1.000000
0.000239
2.000000
-0.000616
1.000000
0.000239
5.000000
-0.000776
1.000000
0.000398
1.000000
-0.000099
7.000000
0.000746
2.000000
-0.000537
36.000000
0.002615
3.000000
-0.001114
3.000000
0.000338
1.000000
-0.000169
5.000000
0.001183
13.000000
-0.002148
3.000000
0.000507
7.000000
-0.001054
51.000000
0.003868
7.000000
-0.001352
37.000000
0.002764
7.000000
-0.001104
1.000000
0.000189
35.000000
-0.004524
65.000000
0.009098
65.000000
-0.018225
76.000000
0.039255
64.000000
-0.079653
67.000000
0.158769
62.000000
-0.232377
63.000000
0.335436
61.000000
-0.519272
56.000000
0.832574
52.000000
-1.137993
48.000000
1.331940
45.000000
-1.251342
41.000000
1.086637
40.000000
-0.946938
44.000000
0.930344
56.000000
-0.728859
50.000000
1.267639
43.000000
-1.974852
39.000000
2.467159
38.000000
-2.210869
34.000000
1.932326
33.000000
-1.416068
35.000000
1.503615
37.000000
-1.046995
57.000000
0.640596
34.000000
-1.345473
33.000000
2.510729
41.000000
-2.916909
57.000000
2.949065
41.000000
-7.084613
32.000000
11.883547
39.000000
-7.705174
50.000000
4.129902
42.000000
-4.788822
31.000000
8.403877
50.000000
-4.838119
40.000000
5.701557
40.000000
-5.446410
36.000000
5.611185
66.000000
-2.908855
32.000000
8.134720
61.000000
-3.668438
38.000000
9.469504
46.000000
-8.641812
34.000000
9.925230
56.000000
-4.264678
33.000000
0.526480
26.000000
-1.669961
35.000000
4.747270
47.000000
-5.622152
42.000000
7.196820
41.000000
-8.173627
35.000000
7.925570
48.000000
-3.376115
35.000000
4.579343
34.000000
-4.602829
44.000000
2.533180
27.000000
-3.522287
16.000000
2.650597
17.000000
-1.985462
27.000000
4.393847
42.000000
-3.407276
41.000000
5.459207
38.000000
-4.831855
27.000000
3.671093
13.000000
-0.437361
26.000000
3.616337
47.000000
-4.395448
35.000000
7.469993
52.000000
-6.353487
33.000000
11.712260
34.000000
-6.159808
17.000000
1.432006
34.000000
-2.114820
38.000000
6.105838
43.000000
-7.020919
32.000000
9.347633
33.000000
-5.474032
29.000000
3.700276
30.000000
-4.388896
50.000000
3.299674
35.000000
-4.680483
67.000000
3.124677
31.000000
-3.401330
42.000000
0.912168
6.000000
-0.080359
23.000000
1.872420
24.000000
-2.824360
18.000000
1.999392
20.000000
-1.605074
31.000000
2.096027
39.000000
-2.442570
36.000000
3.805701
38.000000
-2.754113
19.000000
1.309280
28.000000
-1.084092
28.000000
3.685888
34.000000
-4.815936
35.000000
3.899155
38.000000
-5.833470
35.000000
8.815038
40.000000
-8.786302
34.000000
8.415192
24.000000
-1.260420
4.000000
0.113817
30.000000
-2.540359
10.000000
0.588992
27.000000
-0.941599
30.000000
5.611016
39.000000
-5.494236
26.000000
4.110592
24.000000
-1.694162
29.000000
2.259500
49.000000
-2.707411
38.000000
4.016233
38.000000
-2.752045
22.000000
3.273543
28.000000
-2.976607
32.000000
1.741899
5.000000
-0.106688
28.000000
2.879096
50.000000
-4.293414
45.000000
7.392129
44.000000
-6.171640
54.000000
4.947750
40.000000
-7.653530
36.000000
5.858198
21.000000
-2.604133
24.000000
2.576661
42.000000
-3.864096
69.000000
2.443484
39.000000
-6.332020
28.000000
10.736556
28.000000
-4.345654
25.000000
1.175895
12.000000
-0.351842
15.000000
1.009768
26.000000
-2.817340
31.000000
3.063150
32.000000
-2.615200
28.000000
4.320906
36.000000
-5.533799
34.000000
7.226201
44.000000
-5.978399
33.000000
4.960040
70.000000
-2.625729
54.000000
2.626127
49.000000
-5.556688
34.000000
10.558866
36.000000
-5.847241
13.000000
1.334386
23.000000
-1.803406
34.000000
4.920487
62.000000
-3.536664
36.000000
5.695402
42.000000
-3.317501
30.000000
1.782029
21.000000
-0.531044
22.000000
0.324588
6.000000
-0.126892
19.000000
1.115691
30.000000
-1.719328
29.000000
0.903756
10.000000
-0.266392
25.000000
2.491698
35.000000
-4.971783
34.000000
9.020768
45.000000
-6.630816
34.000000
6.429302
10.000000
-0.203383
2.000000
0.007756
27.000000
-1.242603
5.000000
0.145157
31.000000
-2.600782
37.000000
3.896550
20.000000
-2.344651
24.000000
2.062241
35.000000
-4.234690
36.000000
7.201702
43.000000
-6.767840
44.000000
4.541093
31.000000
-6.784902
27.000000
5.042437
37.000000
-3.931211
35.000000
3.301244
46.000000
-1.903333
29.000000
3.699560
35.000000
-5.396327
35.000000
5.924945
45.000000
-4.586990
51.000000
3.932414
72.000000
-0.839296
25.000000
2.263537
26.000000
-2.616621
35.000000
3.948930
38.000000
-5.990410
35.000000
8.225042
39.000000
-6.257736
37.000000
5.388174
37.000000
-3.556172
34.000000
4.080037
35.000000
-3.257585
14.000000
0.566252
13.000000
-0.660372
30.000000
4.428200
47.000000
-4.783841
36.000000
11.912571
37.000000
-11.302003
32.000000
10.437869
35.000000
-4.627527
22.000000
1.209035
30.000000
-1.325378
36.000000
4.570793
35.000000
-5.026260
26.000000
3.060316
20.000000
-1.836536
38.000000
2.292938
42.000000
-3.781808
34.000000
4.053172
36.000000
-3.321657
29.000000
3.671401
39.000000
-3.670348
32.000000
3.387162
35.000000
-3.156604
50.000000
2.568030
34.000000
-3.032516
25.000000
3.758850
33.000000
-2.543809
28.000000
4.555928
42.000000
-2.361594
7.000000
0.280958
12.000000
-0.463124
42.000000
4.121370
46.000000
-4.252677
37.000000
3.880363
23.000000
-1.649230
10.000000
0.827663
32.000000
-3.919419
52.000000
4.673613
38.000000
-3.982845
51.000000
3.752923
70.000000
-4.488196
34.000000
6.517298
60.000000
-3.827605
72.000000
3.698794
45.000000
-6.558183
34.000000
13.089669
36.000000
-6.542603
36.000000
2.790613
29.000000
-4.806331
28.000000
8.172295
41.000000
-4.838010
42.000000
4.548659
34.000000
-2.636537
26.000000
1.793503
3.000000
-0.010321
32.000000
3.708697
36.000000
-4.632250
30.000000
8.766596
47.000000
-4.266985
47.000000
3.043423
34.000000
-2.552459
12.000000
0.747652
10.000000
-0.591090
23.000000
4.804522
29.000000
-5.036332
45.000000
3.298003
30.000000
-3.148630
4.000000
0.113648
16.000000
-1.085792
30.000000
2.908935
57.000000
-2.693739
32.000000
4.227452
42.000000
-4.515420
35.000000
5.695412
29.000000
-4.971375
18.000000
3.654150
28.000000
-0.544049
46.000000
1.571059
8.000000
-0.316326
12.000000
0.821230
43.000000
-3.168794
38.000000
6.446742
37.000000
-7.354744
40.000000
5.953412
36.000000
-3.707494
42.000000
2.378985
33.000000
-2.916452
23.000000
8.191544
32.000000
-4.325997
45.000000
3.704601
38.000000
-5.192586
37.000000
8.656965
37.000000
-3.900139
2.000000
0.024937
24.000000
-1.496079
32.000000
6.879421
47.000000
-3.814182
59.000000
4.875276
62.000000
-5.122061
53.000000
5.178865
40.000000
-5.656197
27.000000
5.194376
20.000000
-1.951844
32.000000
5.054100
37.000000
-5.869125
27.000000
2.766561
14.000000
-1.680511
30.000000
3.557892
52.000000
-3.476141
36.000000
5.903627
45.000000
-5.177642
45.000000
3.810990
40.000000
-5.108777
28.000000
7.021187
31.000000
-6.280585
27.000000
8.936273
36.000000
-3.563908
28.000000
1.754208
23.000000
-1.145132
30.000000
2.280430
39.000000
-2.317467
22.000000
3.551867
34.000000
-4.249257
33.000000
5.509528
66.000000
-2.313758
36.000000
3.317491
31.000000
-2.984680
31.000000
2.078150
38.000000
-4.424005
29.000000
7.878520
45.000000
-6.062168
42.000000
5.704987
41.000000
-5.038281
40.000000
4.001408
33.000000
-3.278515
25.000000
4.283411
31.000000
-4.640582
36.000000
6.285865
45.000000
-5.516786
38.000000
7.813831
45.000000
-2.407143
12.000000
1.454368
18.000000
-2.059050
39.000000
5.587004
35.000000
-7.036549
49.000000
4.212339
37.000000
-6.651090
42.000000
3.900696
63.000000
-3.050503
39.000000
5.338549
44.000000
-5.961088
35.000000
7.499027
34.000000
-7.520553
29.000000
7.040974
30.000000
-6.946486
33.000000
5.665384
44.000000
-3.042956
31.000000
1.754805
26.000000
-1.224019
39.000000
1.451753
45.000000
-2.120776
38.000000
3.034156
43.000000
-2.496361
28.000000
0.921435
1.000000
-0.006383
29.000000
0.917806
36.000000
-2.030275
33.000000
2.441198
75.000000
-1.823212
33.000000
4.410144
32.000000
-5.211706
15.000000
1.676524
23.000000
-2.270387
31.000000
9.140541
42.000000
-8.448898
41.000000
7.220495
35.000000
-8.146403
32.000000
6.075193
21.000000
-1.341207
18.000000
1.004886
18.000000
-0.947565
12.000000
0.623653
16.000000
-1.379110
54.000000
2.233061
38.000000
-3.137931
45.000000
4.429224
49.000000
-4.488872
35.000000
4.264857
27.000000
-3.091985
27.000000
2.336617
42.000000
-3.464409
43.000000
6.657623
40.000000
-9.904489
44.000000
8.575065
36.000000
-4.932587
5.000000
0.158799
22.000000
-1.155860
32.000000
4.110244
40.000000
-1.314808
14.000000
0.519997
27.000000
-3.635746
50.000000
3.078621
34.000000
-4.809086
26.000000
3.935258
33.000000
-4.095002
30.000000
5.024560
33.000000
-4.613239
20.000000
2.419701
13.000000
-0.604015
35.000000
0.962440
28.000000
-2.917734
33.000000
4.789598
38.000000
-4.456180
31.000000
6.111674
37.000000
-2.925032
31.000000
2.356086
28.000000
-2.673217
37.000000
2.989632
53.000000
-2.693083
38.000000
5.009059
45.000000
-5.174858
36.000000
2.914563
19.000000
-0.574624
22.000000
2.265127
43.000000
-4.203777
38.000000
4.264201
11.000000
-0.626735
10.000000
0.519540
33.000000
-3.657451
48.000000
1.913494
23.000000
-2.506553
42.000000
2.361027
32.000000
-6.655177
30.000000
11.075900
47.000000
-6.644965
31.000000
4.771809
30.000000
-1.547683
51.000000
1.547941
39.000000
-2.580061
28.000000
4.562152
13.000000
-1.149616
30.000000
0.980466
36.000000
-5.277071
37.000000
9.462593
53.000000
-5.554242
37.000000
9.389861
51.000000
-5.956166
38.000000
5.899760
49.000000
-2.917038
55.000000
4.454569
32.000000
-8.682757
22.000000
6.540037
24.000000
-3.742414
31.000000
9.441057
43.000000
-10.616654
47.000000
9.667359
59.000000
-4.880784
43.000000
5.887331
45.000000
-5.515414
44.000000
4.560074
40.000000
-4.490762
43.000000
3.743955
20.000000
-1.286491
8.000000
0.282609
35.000000
-2.725537
34.000000
4.504721
32.000000
-3.319689
29.000000
2.882725
46.000000
-2.910695
36.000000
6.030739
45.000000
-5.830219
42.000000
7.618511
40.000000
-8.593916
37.000000
7.779070
32.000000
-5.063477
19.000000
3.420242
20.000000
-2.285699
28.000000
3.267369
37.000000
-3.194646
32.000000
1.431171
17.000000
-0.763053
22.000000
2.124007
39.000000
-2.988886
18.000000
1.027844
10.000000
-0.360164
35.000000
4.516106
42.000000
-6.915046
31.000000
7.666327
68.000000
-3.294712
37.000000
4.956679
38.000000
-3.666012
31.000000
1.503029
23.000000
-1.966789
35.000000
2.755803
31.000000
-4.893472
23.000000
5.658861
40.000000
-1.622663
38.000000
3.744750
38.000000
-3.941433
45.000000
5.932870
49.000000
-5.376451
37.000000
9.625101
40.000000
-10.439550
52.000000
7.422147
44.000000
-4.447410
40.000000
6.145659
42.000000
-5.287720
40.000000
5.610230
37.000000
-6.242951
50.000000
4.179795
38.000000
-4.645753
31.000000
3.511270
47.000000
-1.069794
36.000000
2.289746
39.000000
-3.171618
35.000000
4.043875
39.000000
-5.460658
43.000000
4.612881
34.000000
-5.225547
36.000000
5.008800
32.000000
-4.032480
42.000000
3.868362
52.000000
-3.005173
32.000000
8.962691
46.000000
-8.722917
38.000000
8.870569
47.000000
-4.999354
14.000000
1.664264
8.000000
-0.395869
38.000000
4.905363
37.000000
-4.927824
41.000000
3.441063
33.000000
-2.955776
29.000000
3.033252
30.000000
-3.683204
32.000000
2.032870
29.000000
-3.002438
31.000000
3.346744
31.000000
-4.503837
22.000000
3.892921
50.000000
-2.259699
32.000000
3.224336
37.000000
-3.624550
23.000000
2.285123
26.000000
-2.698691
42.000000
4.420186
39.000000
-6.754875
38.000000
7.450744
53.000000
-2.267116
27.000000
7.514816
37.000000
-3.788420
40.000000
3.332634
45.000000
-2.202268
7.000000
0.470471
27.000000
-1.572908
28.000000
11.385574
41.000000
-9.801013
42.000000
9.328722
45.000000
-7.786716
46.000000
6.989221
37.000000
-8.381853
30.000000
4.333881
19.000000
-1.716524
20.000000
2.025691
38.000000
-2.679014
34.000000
5.622619
41.000000
-5.314228
44.000000
6.025488
47.000000
-7.076788
43.000000
8.020674
46.000000
-6.879629
53.000000
5.393106
45.000000
-5.362014
40.000000
6.191785
53.000000
-3.137136
46.000000
4.407151
54.000000
-3.385640
32.000000
6.586043
43.000000
-3.982049
23.000000
5.993194
46.000000
-2.526379
43.000000
3.790289
46.000000
-3.372068
42.000000
3.706261
16.000000
-0.900246
7.000000
0.470730
28.000000
-4.035035
23.000000
2.648121
33.000000
-2.582169
31.000000
5.640079
63.000000
-3.802688
34.000000
7.595225
34.000000
-8.507741
25.000000
4.087137
32.000000
-2.666276
30.000000
6.656400
36.000000
-6.846430
30.000000
5.385380
38.000000
-2.298516
31.000000
4.176783
45.000000
-3.275969
34.000000
6.243001
33.000000
-4.708801
40.000000
2.277387
9.000000
-0.399389
11.000000
0.281704
31.000000
-1.855010
11.000000
0.302644
21.000000
-1.001883
35.000000
4.301239
36.000000
-5.834693
33.000000
8.593887
42.000000
-6.589633
39.000000
6.298413
43.000000
-5.102831
28.000000
9.043756
47.000000
-3.279211
40.000000
2.944898
33.000000
-3.594880
50.000000
2.897729
38.000000
-3.294891
38.000000
2.939380
39.000000
-5.888107
26.000000
10.096120
47.000000
-5.180704
38.000000
3.144712
38.000000
-2.216914
31.000000
1.457122
32.000000
-3.104592
25.000000
4.675512
53.000000
-3.197688
31.000000
3.526025
33.000000
-2.570516
42.000000
1.873643
37.000000
-1.522497
33.000000
2.970780
33.000000
-3.247463
23.000000
2.531132
16.000000
-0.861707
3.000000
0.108975
13.000000
-0.570080
32.000000
1.906922
32.000000
-4.312952
37.000000
4.110821
60.000000
-2.984203
38.000000
4.998658
38.000000
-2.533747
21.000000
2.544495
26.000000
-3.471538
51.000000
3.143867
39.000000
-5.730262
32.000000
8.788172
58.000000
-3.781977
29.000000
2.445592
20.000000
-1.612044
19.000000
1.861214
25.000000
-1.317901
24.000000
2.636726
53.000000
-2.043757
46.000000
3.894511
42.000000
-5.016248
45.000000
5.131685
34.000000
-5.256251
20.000000
3.811627
20.000000
-2.280698
23.000000
2.946559
31.000000
-1.674376
27.000000
2.432110
38.000000
-3.570192
42.000000
4.116170
32.000000
-6.930686
24.000000
6.900221
32.000000
-4.485810
38.000000
4.502484
40.000000
-3.962671
38.000000
1.560469
2.000000
-0.002774
34.000000
4.386887
42.000000
-5.621933
47.000000
4.643814
54.000000
-5.431108
29.000000
11.459291
45.000000
-8.785637
39.000000
9.347514
50.000000
-4.265017
54.000000
4.092128
42.000000
-4.691261
33.000000
5.743357
47.000000
-3.235243
31.000000
2.810251
9.000000
-0.272288
15.000000
0.829094
40.000000
-1.703877
41.000000
3.723145
35.000000
-5.434230
36.000000
2.721172
8.000000
-0.337444
31.000000
1.195771
32.000000
-4.029726
51.000000
3.890594
42.000000
-4.503319
33.000000
5.838113
41.000000
-4.101932
35.000000
4.577245
49.000000
-2.906409
32.000000
5.353851
34.000000
-4.784407
70.000000
1.985223
32.000000
-4.410780
30.000000
5.017102
29.000000
-3.579300
27.000000
2.738642
29.000000
-5.046762
30.000000
6.419220
40.000000
-4.795354
42.000000
4.097050
37.000000
-7.754063
39.000000
6.249573
39.000000
-8.644824
33.000000
9.410522
34.000000
-5.978448
18.000000
1.519037
17.000000
-1.549622
46.000000
3.927393
41.000000
-6.210915
43.000000
7.440243
38.000000
-8.325665
49.000000
4.523245
43.000000
-2.987773
40.000000
3.002846
33.000000
-2.291536
38.000000
6.106186
41.000000
-8.113541
30.000000
14.759063
48.000000
-7.235896
38.000000
9.172776
46.000000
-7.661425
39.000000
8.577232
46.000000
-7.237924
43.000000
8.038273
41.000000
-7.598874
36.000000
5.504248
27.000000
-2.746347
20.000000
1.262339
29.000000
-1.922006
35.000000
1.257646
28.000000
-1.680322
53.000000
2.106597
32.000000
-5.258746
29.000000
4.579522
25.000000
-1.899733
23.000000
2.010230
42.000000
-3.392799
34.000000
1.939167
19.000000
-0.524114
33.000000
2.455704
36.000000
-7.039124
36.000000
9.771313
45.000000
-7.575965
34.000000
11.166510
52.000000
-5.653224
29.000000
10.192985
32.000000
-3.126725
9.000000
0.548633
29.000000
-3.036612
35.000000
6.163805
56.000000
-2.433005
45.000000
4.345763
42.000000
-5.137064
44.000000
5.075766
57.000000
-4.922843
36.000000
9.758238
62.000000
-6.634098
33.000000
9.238648
39.000000
-7.090281
36.000000
4.257460
37.000000
-1.125544
30.000000
2.513990
50.000000
-2.309195
46.000000
3.108520
36.000000
-2.378030
28.000000
3.408390
26.000000
-2.413148
35.000000
3.574378
40.000000
-3.722796
33.000000
4.610326
29.000000
-3.482147
18.000000
3.232002
35.000000
-2.711249
30.000000
3.735444
34.000000
-3.510783
31.000000
1.386000
17.000000
-1.071812
18.000000
1.427164
24.000000
-1.880116
21.000000
2.503192
26.000000
-2.402340
27.000000
2.062679
34.000000
-2.321643
18.000000
1.473359
37.000000
-1.503854
13.000000
0.676430
14.000000
-0.914385
10.000000
1.128636
22.000000
-3.959091
34.000000
3.700554
38.000000
-3.452974
27.000000
2.044274
10.000000
-0.373965
30.000000
1.492996
43.000000
-1.935379
1.000000
0.007109
8.000000
-0.119077
19.000000
1.516810
18.000000
-1.075769
25.000000
2.717841
52.000000
-2.568527
33.000000
5.808613
57.000000
-3.924301
32.000000
7.293038
35.000000
-4.812367
21.000000
2.616423
29.000000
-2.185186
31.000000
8.297785
48.000000
-5.980447
39.000000
7.590969
38.000000
-3.848406
64.000000
3.142097
41.000000
-3.920184
33.000000
5.976032
46.000000
-4.548779
45.000000
3.451920
45.000000
-6.091450
26.000000
10.458511
44.000000
-4.273468
43.000000
4.533944
51.000000
-4.557668
35.000000
7.068675
31.000000
-5.509807
22.000000
1.708699
12.000000
-0.375804
18.000000
1.952073
25.000000
-3.689637
31.000000
8.437265
39.000000
-9.136693
32.000000
8.806178
55.000000
-2.726312
40.000000
1.764390
25.000000
-2.175323
27.000000
3.511160
37.000000
-4.847326
38.000000
6.342669
43.000000
-7.910437
37.000000
9.437269
40.000000
-7.999038
43.000000
4.082732
46.000000
-2.194244
28.000000
2.182969
36.000000
-2.046889
27.000000
4.337610
31.000000
-4.116608
38.000000
2.788336
62.000000
-2.575597
39.000000
4.362408
40.000000
-5.003570
36.000000
5.434856
29.000000
-1.699104
13.000000
0.609126
32.000000
-2.094069
17.000000
1.262598
7.000000
-0.181081
33.000000
4.462086
37.000000
-6.474523
47.000000
2.592977
9.000000
-0.581703
19.000000
4.807246
34.000000
-5.321994
26.000000
2.644203
14.000000
-1.069237
28.000000
1.110480
19.000000
-0.990121
22.000000
2.427049
34.000000
-4.364049
28.000000
6.677529
77.000000
-3.369732
30.000000
4.902629
48.000000
-2.631526
15.000000
0.767935
5.000000
-0.127240
39.000000
4.118010
38.000000
-4.932776
49.000000
6.774701
43.000000
-7.263935
46.000000
7.446369
52.000000
-6.271915
47.000000
5.065058
44.000000
-5.604841
43.000000
7.445722
44.000000
-5.279199
35.000000
9.414420
39.000000
-5.841405
42.000000
6.134106
30.000000
-4.707787
22.000000
5.292682
27.000000
-3.245683
28.000000
2.896526
24.000000
-1.139574
33.000000
1.778051
39.000000
-1.957969
68.000000
1.605392
43.000000
-4.234959
37.000000
7.379015
44.000000
-5.684355
42.000000
5.157279
33.000000
-4.618688
45.000000
4.069478
40.000000
-5.191940
46.000000
6.327994
45.000000
-5.798739
35.000000
5.468096
53.000000
-3.609665
11.000000
0.817819
3.000000
-0.097521
35.000000
5.401995
42.000000
-6.117332
30.000000
6.125644
21.000000
-1.317384
6.000000
0.299154
12.000000
-0.570607
5.000000
0.236205
31.000000
-6.325398
51.000000
4.644877
41.000000
-5.522782
32.000000
5.909116
30.000000
-3.637496
26.000000
4.170150
37.000000
-2.856257
31.000000
3.501496
14.000000
-0.610787
17.000000
1.033124
50.000000
-1.585993
38.000000
4.502395
30.000000
-8.011477
30.000000
9.212567
36.000000
-6.416138
42.000000
6.449099
31.000000
-1.482596
5.000000
0.143318
17.000000
-0.836005
10.000000
0.312617
19.000000
-1.018657
35.000000
2.843301
31.000000
-3.440555
21.000000
3.106989
21.000000
-1.464898
24.000000
4.398153
44.000000
-2.409022
41.000000
3.290238
56.000000
-3.108629
39.000000
4.695785
59.000000
-4.548689
29.000000
13.065389
